                          Hinge Moment Coeffient OF L400       
                    ============================================================
                                PROJECT:  L400-V2    DATE:2025-07-07                                

REFERENCE OF AERA:                  S   =     11.10 m^2 
REFERENCE OF LONGITUDINAL LENGTH:   BA  =   1000.00mm   

DATA BLOCK OF VECTORS
================================
ALPHA VECTOR
11  
  -4  -2   0   2   4   6   8  10  12  14  16
================================
DF VECTOR
7   
   0   5  10  15  20  25  30
================================
DA VECTOR
9   
 -23 -20 -15 -10  -5   0   5  10  15
================================
DE VECTOR
10  
 -23 -20 -15 -10  -5   0   5  10  15  17
================================
DR VECTOR
11  
 -23 -20 -15 -10  -5   0   5  10  15  20  23
================================

DATA BLOCK OF HINGE MOMENT
================================

          **********  left inboard flap hinge moment coeffient  **********

==========  CHLIF - DF,ALPHA   ==========
    -0.0004509    -0.0004900    -0.0005220    -0.0005529    -0.0005669    -0.0005971    -0.0006131    -0.0006387    -0.0007279    -0.0009209    -0.0010516
    -0.0004882    -0.0005031    -0.0005250    -0.0005333    -0.0005377    -0.0005446    -0.0005455    -0.0005316    -0.0005717    -0.0007136    -0.0008077
    -0.0005868    -0.0005991    -0.0006225    -0.0006293    -0.0006274    -0.0006231    -0.0006117    -0.0006057    -0.0006324    -0.0007714    -0.0008374
    -0.0007058    -0.0007235    -0.0007345    -0.0007358    -0.0007366    -0.0007258    -0.0007149    -0.0007057    -0.0007092    -0.0008435    -0.0009031
    -0.0008989    -0.0009221    -0.0009285    -0.0009291    -0.0009298    -0.0009148    -0.0009151    -0.0008971    -0.0008844    -0.0010030    -0.0010701
    -0.0013376    -0.0013693    -0.0013837    -0.0013980    -0.0013944    -0.0013947    -0.0013812    -0.0013476    -0.0013057    -0.0014029    -0.0014436
    -0.0024224    -0.0024668    -0.0025071    -0.0025205    -0.0025421    -0.0025454    -0.0025261    -0.0024854    -0.0024152    -0.0023965    -0.0024239

          **********  left outboard flap hinge moment coeffient  **********

==========  CHLOF - DF,ALPHA   ==========
    -0.0003678    -0.0004102    -0.0004389    -0.0004772    -0.0005072    -0.0005208    -0.0005422    -0.0005616    -0.0006208    -0.0007555    -0.0008722
    -0.0004237    -0.0004389    -0.0004610    -0.0004766    -0.0004893    -0.0004963    -0.0005175    -0.0005162    -0.0005463    -0.0006433    -0.0007177
    -0.0005426    -0.0005693    -0.0005968    -0.0006046    -0.0006212    -0.0006311    -0.0006340    -0.0006239    -0.0006427    -0.0007307    -0.0008073
    -0.0007169    -0.0007299    -0.0007535    -0.0007630    -0.0007719    -0.0007715    -0.0007786    -0.0007676    -0.0007567    -0.0008373    -0.0009241
    -0.0009154    -0.0009348    -0.0009434    -0.0009492    -0.0009569    -0.0009582    -0.0009503    -0.0009410    -0.0009226    -0.0009939    -0.0010829
    -0.0012420    -0.0012663    -0.0012747    -0.0012940    -0.0012928    -0.0012947    -0.0012760    -0.0012530    -0.0012107    -0.0012705    -0.0013605
    -0.0019349    -0.0019564    -0.0019853    -0.0020087    -0.0020216    -0.0020323    -0.0020096    -0.0019884    -0.0019266    -0.0019238    -0.0020080

          **********  right inboard flap hinge moment coeffient  **********

==========  CHRIF - DF,ALPHA   ==========
    -0.0004509    -0.0004900    -0.0005220    -0.0005529    -0.0005669    -0.0005971    -0.0006131    -0.0006387    -0.0007279    -0.0009209    -0.0010516
    -0.0004882    -0.0005031    -0.0005250    -0.0005333    -0.0005377    -0.0005446    -0.0005455    -0.0005316    -0.0005717    -0.0007136    -0.0008077
    -0.0005868    -0.0005991    -0.0006225    -0.0006293    -0.0006274    -0.0006231    -0.0006117    -0.0006057    -0.0006324    -0.0007714    -0.0008374
    -0.0007058    -0.0007235    -0.0007345    -0.0007358    -0.0007366    -0.0007258    -0.0007149    -0.0007057    -0.0007092    -0.0008435    -0.0009031
    -0.0008989    -0.0009221    -0.0009285    -0.0009291    -0.0009298    -0.0009148    -0.0009151    -0.0008971    -0.0008844    -0.0010030    -0.0010701
    -0.0013376    -0.0013693    -0.0013837    -0.0013980    -0.0013944    -0.0013947    -0.0013812    -0.0013476    -0.0013057    -0.0014029    -0.0014436
    -0.0024224    -0.0024668    -0.0025071    -0.0025205    -0.0025421    -0.0025454    -0.0025261    -0.0024854    -0.0024152    -0.0023965    -0.0024239

          **********  right outboard flap hinge moment coeffient  **********

==========  CHROF - DF,ALPHA   ==========
    -0.0003678    -0.0004102    -0.0004389    -0.0004772    -0.0005072    -0.0005208    -0.0005422    -0.0005616    -0.0006208    -0.0007555    -0.0008722
    -0.0004237    -0.0004389    -0.0004610    -0.0004766    -0.0004893    -0.0004963    -0.0005175    -0.0005162    -0.0005463    -0.0006433    -0.0007177
    -0.0005426    -0.0005693    -0.0005968    -0.0006046    -0.0006212    -0.0006311    -0.0006340    -0.0006239    -0.0006427    -0.0007307    -0.0008073
    -0.0007169    -0.0007299    -0.0007535    -0.0007630    -0.0007719    -0.0007715    -0.0007786    -0.0007676    -0.0007567    -0.0008373    -0.0009241
    -0.0009154    -0.0009348    -0.0009434    -0.0009492    -0.0009569    -0.0009582    -0.0009503    -0.0009410    -0.0009226    -0.0009939    -0.0010829
    -0.0012420    -0.0012663    -0.0012747    -0.0012940    -0.0012928    -0.0012947    -0.0012760    -0.0012530    -0.0012107    -0.0012705    -0.0013605
    -0.0019349    -0.0019564    -0.0019853    -0.0020087    -0.0020216    -0.0020323    -0.0020096    -0.0019884    -0.0019266    -0.0019238    -0.0020080

          **********  left aileron hinge moment coeffient  **********

==========  CHLA - DA,ALPHA   ==========
     0.0008572     0.0008263     0.0007821     0.0007488     0.0006978     0.0006426     0.0005634     0.0004920     0.0004258     0.0003188     0.0001684
     0.0006591     0.0006258     0.0005848     0.0005393     0.0004837     0.0004235     0.0003723     0.0003214     0.0002564     0.0001719     0.0000365
     0.0003636     0.0003226     0.0002819     0.0002329     0.0001817     0.0001327     0.0000859     0.0000488    -0.0000025    -0.0000478    -0.0001311
     0.0000937     0.0000473    -0.0000000    -0.0000478    -0.0000900    -0.0001424    -0.0001826    -0.0002238    -0.0002683    -0.0003044    -0.0003481
    -0.0001682    -0.0002126    -0.0002590    -0.0003055    -0.0003603    -0.0003940    -0.0004372    -0.0004753    -0.0005106    -0.0005483    -0.0005992
    -0.0004266    -0.0004674    -0.0005158    -0.0005597    -0.0006006    -0.0006450    -0.0006724    -0.0007105    -0.0007442    -0.0007705    -0.0008109
    -0.0006537    -0.0006940    -0.0007308    -0.0007726    -0.0008076    -0.0008497    -0.0008826    -0.0009142    -0.0009463    -0.0009740    -0.0010186
    -0.0008551    -0.0009115    -0.0009485    -0.0009899    -0.0010222    -0.0010647    -0.0010870    -0.0011240    -0.0011580    -0.0011908    -0.0012592
    -0.0011095    -0.0011569    -0.0012049    -0.0012346    -0.0012729    -0.0012956    -0.0013247    -0.0013520    -0.0013684    -0.0013999    -0.0014464

          **********  right aileron hinge moment coeffient  **********

==========  CHRA - DA,ALPHA   ==========
     0.0008572     0.0008263     0.0007821     0.0007488     0.0006978     0.0006426     0.0005634     0.0004920     0.0004258     0.0003188     0.0001684
     0.0006591     0.0006258     0.0005848     0.0005393     0.0004837     0.0004235     0.0003723     0.0003214     0.0002564     0.0001719     0.0000365
     0.0003636     0.0003226     0.0002819     0.0002329     0.0001817     0.0001327     0.0000859     0.0000488    -0.0000025    -0.0000478    -0.0001311
     0.0000937     0.0000473    -0.0000000    -0.0000478    -0.0000900    -0.0001424    -0.0001826    -0.0002238    -0.0002683    -0.0003044    -0.0003481
    -0.0001682    -0.0002126    -0.0002590    -0.0003055    -0.0003603    -0.0003940    -0.0004372    -0.0004753    -0.0005106    -0.0005483    -0.0005992
    -0.0004266    -0.0004674    -0.0005158    -0.0005597    -0.0006006    -0.0006450    -0.0006724    -0.0007105    -0.0007442    -0.0007705    -0.0008109
    -0.0006537    -0.0006940    -0.0007308    -0.0007726    -0.0008076    -0.0008497    -0.0008826    -0.0009142    -0.0009463    -0.0009740    -0.0010186
    -0.0008551    -0.0009115    -0.0009485    -0.0009899    -0.0010222    -0.0010647    -0.0010870    -0.0011240    -0.0011580    -0.0011908    -0.0012592
    -0.0011095    -0.0011569    -0.0012049    -0.0012346    -0.0012729    -0.0012956    -0.0013247    -0.0013520    -0.0013684    -0.0013999    -0.0014464

          **********  left elevator hinge moment coeffient  **********

==========  CHLE - DE,ALPHA   ==========
     0.0006836     0.0006834     0.0006867     0.0006305     0.0006201     0.0006155     0.0005908     0.0005532     0.0005626     0.0005295     0.0005146
     0.0006117     0.0005927     0.0005518     0.0005744     0.0005535     0.0005442     0.0004938     0.0004762     0.0004573     0.0004438     0.0004087
     0.0004500     0.0004244     0.0004189     0.0003780     0.0003729     0.0003578     0.0003644     0.0003256     0.0003057     0.0003099     0.0002637
     0.0002729     0.0002897     0.0002712     0.0002291     0.0002229     0.0002002     0.0001826     0.0001692     0.0001793     0.0001671     0.0001533
     0.0001601     0.0001141     0.0001239     0.0001061     0.0000992     0.0000877     0.0000874     0.0000875     0.0000502     0.0000577     0.0000787
     0.0000331     0.0000094     0.0000051    -0.0000135     0.0000031     0.0000263    -0.0000198    -0.0000348    -0.0000097    -0.0000538    -0.0000590
    -0.0000803    -0.0000730    -0.0000710    -0.0000713    -0.0000844    -0.0001087    -0.0001359    -0.0001142    -0.0001395    -0.0001411    -0.0002080
    -0.0001680    -0.0001922    -0.0001888    -0.0001901    -0.0002307    -0.0002260    -0.0002512    -0.0002870    -0.0002862    -0.0003195    -0.0003592
    -0.0003089    -0.0003141    -0.0003470    -0.0003757    -0.0003973    -0.0004130    -0.0004411    -0.0004380    -0.0004854    -0.0004799    -0.0005233
    -0.0003875    -0.0004050    -0.0004268    -0.0004325    -0.0004506    -0.0004587    -0.0004909    -0.0005079    -0.0005160    -0.0005639    -0.0005952

          **********  middle elevator hinge moment coeffient  **********

==========  CHME - DE,ALPHA   ==========
     0.0009592     0.0009373     0.0008970     0.0009078     0.0009039     0.0008736     0.0008485     0.0008504     0.0008253     0.0007502     0.0007384
     0.0008290     0.0008117     0.0008197     0.0007835     0.0007508     0.0007335     0.0007372     0.0007045     0.0006982     0.0006637     0.0006338
     0.0006187     0.0006126     0.0006040     0.0005755     0.0005724     0.0005508     0.0005188     0.0005237     0.0004639     0.0004441     0.0004278
     0.0004418     0.0004110     0.0003978     0.0003904     0.0003907     0.0003276     0.0003455     0.0003016     0.0002649     0.0002647     0.0002303
     0.0002397     0.0002296     0.0002043     0.0001857     0.0001632     0.0001579     0.0001126     0.0001153     0.0001114     0.0000779     0.0000677
     0.0000374     0.0000546     0.0000148     0.0000515     0.0000071    -0.0000007    -0.0000153    -0.0000333    -0.0000312    -0.0000756    -0.0000812
    -0.0000738    -0.0001010    -0.0001177    -0.0001302    -0.0001404    -0.0001582    -0.0001837    -0.0001892    -0.0002147    -0.0002103    -0.0002339
    -0.0002417    -0.0002435    -0.0002606    -0.0002931    -0.0002913    -0.0003507    -0.0003544    -0.0003914    -0.0003908    -0.0004537    -0.0004420
    -0.0004884    -0.0004757    -0.0005361    -0.0005548    -0.0005593    -0.0005876    -0.0006235    -0.0006137    -0.0006415    -0.0006711    -0.0006826
    -0.0005410    -0.0005926    -0.0006160    -0.0006371    -0.0006300    -0.0006959    -0.0006802    -0.0007099    -0.0007495    -0.0007611    -0.0007521

          **********  right elevator hinge moment coeffient  **********

==========  CHRE - DE,ALPHA   ==========
     0.0006985     0.0006606     0.0006486     0.0006400     0.0006296     0.0006150     0.0005727     0.0005786     0.0005679     0.0005402     0.0005192
     0.0005920     0.0005987     0.0005755     0.0005781     0.0005530     0.0005437     0.0005033     0.0004857     0.0004827     0.0004492     0.0004173
     0.0004528     0.0004449     0.0004335     0.0004085     0.0003576     0.0003701     0.0003567     0.0003356     0.0003334     0.0003234     0.0002598
     0.0002878     0.0002746     0.0002460     0.0002417     0.0001978     0.0002009     0.0001951     0.0001876     0.0001600     0.0001354     0.0001598
     0.0001385     0.0001160     0.0001158     0.0000826     0.0000971     0.0000896     0.0000774     0.0000747     0.0000686     0.0000661     0.0000694
     0.0000491     0.0000318     0.0000045    -0.0000059     0.0000220     0.0000140    -0.0000094     0.0000186    -0.0000197    -0.0000262    -0.0000632
    -0.0000438    -0.0000741    -0.0000879    -0.0000682    -0.0001090    -0.0000957    -0.0001128    -0.0001188    -0.0001499    -0.0001715    -0.0001708
    -0.0001895    -0.0001661    -0.0002004    -0.0001817    -0.0002181    -0.0002510    -0.0002486    -0.0002843    -0.0003036    -0.0003415    -0.0003590
    -0.0003368    -0.0003243    -0.0003337    -0.0003448    -0.0003705    -0.0004163    -0.0004167    -0.0004336    -0.0004575    -0.0004943    -0.0005050
    -0.0003812    -0.0004006    -0.0004182    -0.0004316    -0.0004573    -0.0004831    -0.0004776    -0.0005146    -0.0005150    -0.0005476    -0.0005767

          **********  upper rudder hinge moment coeffient  **********

==========  CHUR - DR,ALPHA   ==========
     0.0012156     0.0012073     0.0011206     0.0011484     0.0011762     0.0012040     0.0011173     0.0010667     0.0010584     0.0011007     0.0011750
     0.0010078     0.0009953     0.0010231     0.0010509     0.0009642     0.0010385     0.0009879     0.0009372     0.0010074     0.0010032     0.0010053
     0.0006405     0.0006405     0.0006343     0.0006746     0.0007405     0.0007385     0.0006476     0.0006393     0.0006733     0.0007094     0.0007032
     0.0004750     0.0003966     0.0004688     0.0004626     0.0003883     0.0004182     0.0004161     0.0004398     0.0004016     0.0004377     0.0004676
     0.0002535     0.0002896     0.0001854     0.0002215     0.0001792     0.0002514     0.0002091     0.0001668     0.0002854     0.0002854     0.0002431
     0.0000075    -0.0000207    -0.0000270    -0.0000639    -0.0000340    -0.0000361     0.0000000     0.0000000     0.0000000     0.0000000     0.0000000
    -0.0002535    -0.0002896    -0.0001854    -0.0002215    -0.0001792    -0.0002514    -0.0002091    -0.0001668    -0.0002854    -0.0002854    -0.0002431
    -0.0004750    -0.0003966    -0.0004688    -0.0004626    -0.0003883    -0.0004182    -0.0004161    -0.0004398    -0.0004016    -0.0004377    -0.0004676
    -0.0006405    -0.0006405    -0.0006343    -0.0006746    -0.0007405    -0.0007385    -0.0006476    -0.0006393    -0.0006733    -0.0007094    -0.0007032
    -0.0010078    -0.0009953    -0.0010231    -0.0010509    -0.0009642    -0.0010385    -0.0009879    -0.0009372    -0.0010074    -0.0010032    -0.0010053
    -0.0012156    -0.0012073    -0.0011206    -0.0011484    -0.0011762    -0.0012040    -0.0011173    -0.0010667    -0.0010584    -0.0011007    -0.0011750

          **********  lower rudder hinge moment coeffient  **********

==========  CHLR - DR,ALPHA   ==========
     0.0015412     0.0015412     0.0015454     0.0014906     0.0015080     0.0015060     0.0014255     0.0015130     0.0014250     0.0014238     0.0013802
     0.0011030     0.0012217     0.0011731     0.0011607     0.0011648     0.0011648     0.0012474     0.0011864     0.0011893     0.0012366     0.0011632
     0.0008300     0.0008640     0.0008154     0.0008092     0.0008154     0.0008640     0.0009105     0.0008918     0.0008287     0.0008100     0.0008275
     0.0004702     0.0004577     0.0004938     0.0004216     0.0005063     0.0005590     0.0004805     0.0004681     0.0004959     0.0005196     0.0005494
     0.0001560     0.0002282     0.0002643     0.0002282     0.0001921     0.0002025     0.0002386     0.0002324     0.0001838     0.0002560     0.0002623
     0.0000062     0.0000000    -0.0000423     0.0000000     0.0000000     0.0000000     0.0000000     0.0000000     0.0000000     0.0000000     0.0000000
    -0.0001560    -0.0002282    -0.0002643    -0.0002282    -0.0001921    -0.0002025    -0.0002386    -0.0002324    -0.0001838    -0.0002560    -0.0002623
    -0.0004702    -0.0004577    -0.0004938    -0.0004216    -0.0005063    -0.0005590    -0.0004805    -0.0004681    -0.0004959    -0.0005196    -0.0005494
    -0.0008300    -0.0008640    -0.0008154    -0.0008092    -0.0008154    -0.0008640    -0.0009105    -0.0008918    -0.0008287    -0.0008100    -0.0008275
    -0.0011030    -0.0012217    -0.0011731    -0.0011607    -0.0011648    -0.0011648    -0.0012474    -0.0011864    -0.0011893    -0.0012366    -0.0011632
    -0.0015412    -0.0015412    -0.0015454    -0.0014906    -0.0015080    -0.0015060    -0.0014255    -0.0015130    -0.0014250    -0.0014238    -0.0013802

