==========           ÂÝÐý½°Êý¾Ý¿â          ==========
==========  VERSION:V2a    DATE:2025-07-14  ==========                                              

ÂÝÐý½°Ö±¾¶ : D = 1.016 m

==========          ÂÝÐý½°ÕýÏòÐý×ª         ==========
==========        lambda - Ct - eta        ==========
  0.0000  0.0571  0.0856  0.1669  0.1786  0.1865  0.1989  0.2117  0.2338  0.2497  0.2711  0.3100  0.3290  0.3492  0.3695  0.3955  0.4441  0.4673  0.4929  0.5210  0.5540  0.5915  0.6219  0.6575  0.6945  0.7385  0.7778  0.8215  0.8700  0.9238  0.9841  1.0551
  0.1300  0.1298  0.1310  0.1276  0.1274  0.1273  0.1268  0.1258  0.1247  0.1240  0.1230  0.1201  0.1182  0.1163  0.1147  0.1124  0.1075  0.1046  0.1014  0.0975  0.0932  0.0870  0.0820  0.0762  0.0702  0.0620  0.0549  0.0471  0.0389  0.0298  0.0192  0.0070
  0.0000  0.1074  0.1679  0.2993  0.3252  0.3419  0.3658  0.3881  0.4251  0.4519  0.4860  0.5204  0.5471  0.5738  0.5998  0.6293  0.6676  0.6895  0.7112  0.7331  0.7573  0.7690  0.7847  0.8021  0.8199  0.8355  0.8430  0.8528  0.8600  0.8583  0.8245  0.6556

==========          ÂÝÐý½°·´ÏòÐý×ª         ==========
==========        lambda - Ct - eta        ==========
  0.0000 -0.2461 -0.2684 -0.2953 -0.3281 -0.3691 -0.4218 -0.4921 -0.4921 -0.5369 -0.5906 -0.8858 -1.1073 -1.2655 -1.4764 -1.7717
 -0.0637 -0.0679 -0.0732 -0.0774 -0.0847 -0.0906 -0.0986 -0.1117 -0.1113 -0.1207 -0.1311 -0.1696 -0.2020 -0.2188 -0.2428 -0.2783
  0.0000 -0.2153 -0.2380 -0.2631 -0.3027 -0.3354 -0.3930 -0.4532 -0.4763 -0.5287 -0.5523 -0.8723 -1.0466 -1.2240 -1.4460 -1.7711
