                          Hinge Moment Coeffient OF L400       
                    ============================================================
                                PROJECT:  L400-V1    DATE:2024-12-17                                

REFERENCE OF AERA:                  S   =     11.10 m^2 
REFERENCE OF LONGITUDINAL LENGTH:   BA  =   1000.00mm   

DATA BLOCK OF VECTORS
================================
ALPHA VECTOR
11  
  -4  -2   0   2   4   6   8  10  12  14  16
================================
DF VECTOR
7   
   0   5  10  15  20  25  30
================================
DA VECTOR
9   
 -23 -20 -15 -10  -5   0   5  10  15
================================
DE VECTOR
10  
 -23 -20 -15 -10  -5   0   5  10  15  17
================================
DR VECTOR
11  
 -23 -20 -15 -10  -5   0   5  10  15  20  23
================================

DATA BLOCK OF HINGE MOMENT
================================

          **********  left inboard flap hinge moment coeffient  **********

==========  CHLIF - DF,ALPHA   ==========
    -0.0004532    -0.0004854    -0.0005251    -0.0005456    -0.0005786    -0.0005940    -0.0006126    -0.0006427    -0.0007341    -0.0009178    -0.0010686
    -0.0004769    -0.0004933    -0.0005103    -0.0005244    -0.0005325    -0.0005448    -0.0005341    -0.0005409    -0.0005790    -0.0007025    -0.0008197
    -0.0005811    -0.0005988    -0.0006153    -0.0006276    -0.0006276    -0.0006188    -0.0006135    -0.0006065    -0.0006176    -0.0007523    -0.0008465
    -0.0006982    -0.0007178    -0.0007239    -0.0007188    -0.0007192    -0.0007175    -0.0007094    -0.0006887    -0.0006973    -0.0008405    -0.0009268
    -0.0009070    -0.0009303    -0.0009241    -0.0009203    -0.0009180    -0.0009210    -0.0009065    -0.0008739    -0.0008703    -0.0010015    -0.0010782
    -0.0013426    -0.0013689    -0.0013763    -0.0013867    -0.0013836    -0.0013806    -0.0013516    -0.0013179    -0.0012864    -0.0013880    -0.0014710
    -0.0024047    -0.0024477    -0.0024787    -0.0025032    -0.0025043    -0.0025156    -0.0024948    -0.0024427    -0.0023536    -0.0023419    -0.0024293

          **********  left outboard flap hinge moment coeffient  **********

==========  CHLOF - DF,ALPHA   ==========
    -0.0003729    -0.0004102    -0.0004491    -0.0004698    -0.0005082    -0.0005218    -0.0005433    -0.0005611    -0.0006209    -0.0007506    -0.0008619
    -0.0004226    -0.0004354    -0.0004557    -0.0004829    -0.0004936    -0.0005033    -0.0005055    -0.0005133    -0.0005445    -0.0006319    -0.0007204
    -0.0005582    -0.0005791    -0.0005953    -0.0006135    -0.0006263    -0.0006317    -0.0006389    -0.0006366    -0.0006428    -0.0007144    -0.0008100
    -0.0007161    -0.0007427    -0.0007511    -0.0007674    -0.0007756    -0.0007874    -0.0007770    -0.0007691    -0.0007526    -0.0008355    -0.0009212
    -0.0009243    -0.0009375    -0.0009523    -0.0009707    -0.0009667    -0.0009670    -0.0009610    -0.0009424    -0.0009281    -0.0009844    -0.0010642
    -0.0012394    -0.0012637    -0.0012825    -0.0012820    -0.0012885    -0.0012848    -0.0012771    -0.0012440    -0.0012103    -0.0012552    -0.0013394
    -0.0019435    -0.0019707    -0.0020022    -0.0020195    -0.0020267    -0.0020341    -0.0020166    -0.0019802    -0.0019269    -0.0018764    -0.0019872

          **********  right inboard flap hinge moment coeffient  **********

==========  CHRIF - DF,ALPHA   ==========
    -0.0004532    -0.0004854    -0.0005251    -0.0005456    -0.0005786    -0.0005940    -0.0006126    -0.0006427    -0.0007341    -0.0009178    -0.0010686
    -0.0004769    -0.0004933    -0.0005103    -0.0005244    -0.0005325    -0.0005448    -0.0005341    -0.0005409    -0.0005790    -0.0007025    -0.0008197
    -0.0005811    -0.0005988    -0.0006153    -0.0006276    -0.0006276    -0.0006188    -0.0006135    -0.0006065    -0.0006176    -0.0007523    -0.0008465
    -0.0006982    -0.0007178    -0.0007239    -0.0007188    -0.0007192    -0.0007175    -0.0007094    -0.0006887    -0.0006973    -0.0008405    -0.0009268
    -0.0009070    -0.0009303    -0.0009241    -0.0009203    -0.0009180    -0.0009210    -0.0009065    -0.0008739    -0.0008703    -0.0010015    -0.0010782
    -0.0013426    -0.0013689    -0.0013763    -0.0013867    -0.0013836    -0.0013806    -0.0013516    -0.0013179    -0.0012864    -0.0013880    -0.0014710
    -0.0024047    -0.0024477    -0.0024787    -0.0025032    -0.0025043    -0.0025156    -0.0024948    -0.0024427    -0.0023536    -0.0023419    -0.0024293

          **********  right outboard flap hinge moment coeffient  **********

==========  CHROF - DF,ALPHA   ==========
    -0.0003729    -0.0004102    -0.0004491    -0.0004698    -0.0005082    -0.0005218    -0.0005433    -0.0005611    -0.0006209    -0.0007506    -0.0008619
    -0.0004226    -0.0004354    -0.0004557    -0.0004829    -0.0004936    -0.0005033    -0.0005055    -0.0005133    -0.0005445    -0.0006319    -0.0007204
    -0.0005582    -0.0005791    -0.0005953    -0.0006135    -0.0006263    -0.0006317    -0.0006389    -0.0006366    -0.0006428    -0.0007144    -0.0008100
    -0.0007161    -0.0007427    -0.0007511    -0.0007674    -0.0007756    -0.0007874    -0.0007770    -0.0007691    -0.0007526    -0.0008355    -0.0009212
    -0.0009243    -0.0009375    -0.0009523    -0.0009707    -0.0009667    -0.0009670    -0.0009610    -0.0009424    -0.0009281    -0.0009844    -0.0010642
    -0.0012394    -0.0012637    -0.0012825    -0.0012820    -0.0012885    -0.0012848    -0.0012771    -0.0012440    -0.0012103    -0.0012552    -0.0013394
    -0.0019435    -0.0019707    -0.0020022    -0.0020195    -0.0020267    -0.0020341    -0.0020166    -0.0019802    -0.0019269    -0.0018764    -0.0019872

          **********  left aileron hinge moment coeffient  **********

==========  CHLA - DA,ALPHA   ==========
     0.0008288     0.0007969     0.0007591     0.0007231     0.0006684     0.0006150     0.0005552     0.0004995     0.0004198     0.0003255     0.0001928
     0.0006552     0.0006184     0.0005794     0.0005329     0.0004788     0.0004256     0.0003742     0.0003210     0.0002562     0.0001660     0.0000400
     0.0003551     0.0003094     0.0002694     0.0002277     0.0001824     0.0001343     0.0000864     0.0000407    -0.0000133    -0.0000471    -0.0001291
     0.0000828     0.0000487     0.0000018    -0.0000462    -0.0000920    -0.0001478    -0.0001848    -0.0002296    -0.0002624    -0.0002998    -0.0003546
    -0.0001650    -0.0002131    -0.0002641    -0.0003148    -0.0003573    -0.0003981    -0.0004373    -0.0004747    -0.0005140    -0.0005484    -0.0005910
    -0.0004173    -0.0004750    -0.0005088    -0.0005588    -0.0006041    -0.0006406    -0.0006700    -0.0007099    -0.0007319    -0.0007626    -0.0008118
    -0.0006549    -0.0007006    -0.0007431    -0.0007926    -0.0008217    -0.0008670    -0.0008986    -0.0009361    -0.0009587    -0.0009841    -0.0010389
    -0.0008676    -0.0009186    -0.0009614    -0.0009965    -0.0010327    -0.0010672    -0.0011081    -0.0011305    -0.0011647    -0.0011959    -0.0012537
    -0.0011079    -0.0011543    -0.0011969    -0.0012331    -0.0012679    -0.0012939    -0.0013284    -0.0013566    -0.0013748    -0.0014059    -0.0014763

          **********  right aileron hinge moment coeffient  **********

==========  CHRA - DA,ALPHA   ==========
     0.0008288     0.0007969     0.0007591     0.0007231     0.0006684     0.0006150     0.0005552     0.0004995     0.0004198     0.0003255     0.0001928
     0.0006552     0.0006184     0.0005794     0.0005329     0.0004788     0.0004256     0.0003742     0.0003210     0.0002562     0.0001660     0.0000400
     0.0003551     0.0003094     0.0002694     0.0002277     0.0001824     0.0001343     0.0000864     0.0000407    -0.0000133    -0.0000471    -0.0001291
     0.0000828     0.0000487     0.0000018    -0.0000462    -0.0000920    -0.0001478    -0.0001848    -0.0002296    -0.0002624    -0.0002998    -0.0003546
    -0.0001650    -0.0002131    -0.0002641    -0.0003148    -0.0003573    -0.0003981    -0.0004373    -0.0004747    -0.0005140    -0.0005484    -0.0005910
    -0.0004173    -0.0004750    -0.0005088    -0.0005588    -0.0006041    -0.0006406    -0.0006700    -0.0007099    -0.0007319    -0.0007626    -0.0008118
    -0.0006549    -0.0007006    -0.0007431    -0.0007926    -0.0008217    -0.0008670    -0.0008986    -0.0009361    -0.0009587    -0.0009841    -0.0010389
    -0.0008676    -0.0009186    -0.0009614    -0.0009965    -0.0010327    -0.0010672    -0.0011081    -0.0011305    -0.0011647    -0.0011959    -0.0012537
    -0.0011079    -0.0011543    -0.0011969    -0.0012331    -0.0012679    -0.0012939    -0.0013284    -0.0013566    -0.0013748    -0.0014059    -0.0014763

          **********  left elevator hinge moment coeffient  **********

==========  CHLE - DE,ALPHA   ==========
     0.0006756     0.0006846     0.0006511     0.0006553     0.0006193     0.0006272     0.0005951     0.0005514     0.0005452     0.0005529     0.0005018
     0.0005859     0.0005841     0.0005522     0.0005441     0.0005221     0.0005340     0.0005120     0.0005082     0.0004884     0.0004760     0.0003680
     0.0004464     0.0004422     0.0004003     0.0004184     0.0003588     0.0003368     0.0003393     0.0003164     0.0002988     0.0003131     0.0002711
     0.0002671     0.0002590     0.0002634     0.0002437     0.0001964     0.0001913     0.0002108     0.0001763     0.0001619     0.0001601     0.0001705
     0.0001170     0.0000992     0.0001204     0.0000793     0.0000867     0.0000646     0.0000811     0.0000675     0.0000655     0.0000712     0.0000287
     0.0000379     0.0000253     0.0000134     0.0000136     0.0000246     0.0000255     0.0000068     0.0000065    -0.0000099    -0.0000355    -0.0000673
    -0.0000410    -0.0000607    -0.0000781    -0.0000954    -0.0000874    -0.0001215    -0.0001102    -0.0001110    -0.0001504    -0.0001550    -0.0001670
    -0.0001661    -0.0001694    -0.0001828    -0.0001746    -0.0002047    -0.0002109    -0.0002532    -0.0002440    -0.0002770    -0.0002883    -0.0003018
    -0.0003034    -0.0003227    -0.0003382    -0.0003643    -0.0003927    -0.0004111    -0.0003880    -0.0004248    -0.0004462    -0.0004581    -0.0004547
    -0.0003602    -0.0003795    -0.0004150    -0.0004034    -0.0004418    -0.0004602    -0.0004810    -0.0004939    -0.0005253    -0.0005171    -0.0005168

          **********  middle elevator hinge moment coeffient  **********

==========  CHME - DE,ALPHA   ==========
     0.0009409     0.0009213     0.0008894     0.0008851     0.0008647     0.0008419     0.0008407     0.0008033     0.0007952     0.0007501     0.0007353
     0.0008405     0.0008224     0.0007783     0.0007655     0.0007667     0.0007217     0.0007281     0.0006885     0.0006919     0.0006469     0.0006366
     0.0006528     0.0006186     0.0005921     0.0005970     0.0005582     0.0005409     0.0005373     0.0005077     0.0004496     0.0004467     0.0004454
     0.0004558     0.0004370     0.0003982     0.0003933     0.0003921     0.0003710     0.0003360     0.0003187     0.0003030     0.0002972     0.0002427
     0.0002292     0.0002656     0.0002075     0.0001805     0.0001529     0.0001596     0.0001457     0.0001407     0.0001451     0.0001055     0.0000890
     0.0000713     0.0000273     0.0000263     0.0000430     0.0000226     0.0000087    -0.0000366    -0.0000200    -0.0000628    -0.0000578    -0.0000511
    -0.0000989    -0.0001245    -0.0001101    -0.0001235    -0.0001745    -0.0001718    -0.0001629    -0.0001978    -0.0001951    -0.0002239    -0.0002405
    -0.0002424    -0.0002333    -0.0002558    -0.0002722    -0.0003163    -0.0003480    -0.0003459    -0.0003677    -0.0003793    -0.0004349    -0.0004195
    -0.0004577    -0.0004675    -0.0005351    -0.0005489    -0.0005528    -0.0005806    -0.0005785    -0.0006164    -0.0006205    -0.0006286    -0.0006468
    -0.0005402    -0.0005663    -0.0005962    -0.0006062    -0.0006302    -0.0006681    -0.0006761    -0.0006841    -0.0007221    -0.0007003    -0.0006963

          **********  right elevator hinge moment coeffient  **********

==========  CHRE - DE,ALPHA   ==========
     0.0007124     0.0006752     0.0006518     0.0006461     0.0006339     0.0005881     0.0006036     0.0005938     0.0005638     0.0005315     0.0005041
     0.0006167     0.0005810     0.0005491     0.0005272     0.0005491     0.0005032     0.0005011     0.0005036     0.0004499     0.0004576     0.0003783
     0.0004631     0.0004152     0.0004310     0.0003752     0.0003871     0.0003652     0.0003277     0.0003464     0.0003088     0.0003094     0.0002569
     0.0002779     0.0002522     0.0002464     0.0002330     0.0002057     0.0002006     0.0002201     0.0001718     0.0001712     0.0001534     0.0001462
     0.0001466     0.0000994     0.0001038     0.0000934     0.0000969     0.0000948     0.0000951     0.0000615     0.0000672     0.0000529     0.0000333
     0.0000080    -0.0000046    -0.0000173    -0.0000108    -0.0000060    -0.0000067     0.0000146    -0.0000034     0.0000078    -0.0000393    -0.0000712
    -0.0000687    -0.0000884    -0.0000657    -0.0000592    -0.0000850    -0.0001091    -0.0001016    -0.0001125    -0.0001519    -0.0001702    -0.0001545
    -0.0001870    -0.0001704    -0.0001637    -0.0002032    -0.0002333    -0.0002157    -0.0002280    -0.0002427    -0.0002857    -0.0003171    -0.0002889
    -0.0003265    -0.0003457    -0.0003512    -0.0003574    -0.0003758    -0.0003942    -0.0004187    -0.0004417    -0.0004531    -0.0004765    -0.0004570
    -0.0003616    -0.0003771    -0.0004226    -0.0004110    -0.0004494    -0.0004778    -0.0004547    -0.0004977    -0.0005191    -0.0005602    -0.0004935

          **********  upper rudder hinge moment coeffient  **********

==========  CHUR - DR,ALPHA   ==========
     0.0012134     0.0011478     0.0011968     0.0011608     0.0011866     0.0011698     0.0011635     0.0011043     0.0011763     0.0011145     0.0012225
     0.0009977     0.0009385     0.0009746     0.0010004     0.0009940     0.0010069     0.0009773     0.0009348     0.0009412     0.0009939     0.0009449
     0.0007540     0.0006587     0.0007011     0.0006715     0.0007372     0.0006780     0.0007334     0.0006317     0.0006549     0.0007270     0.0006741
     0.0004836     0.0004836     0.0004115     0.0004965     0.0004052     0.0004605     0.0004734     0.0004438     0.0004566     0.0005095     0.0004566
     0.0002778     0.0002778     0.0002058     0.0002482     0.0001762     0.0002186     0.0002715     0.0001994     0.0002843     0.0001698     0.0001698
     0.0000259    -0.0000591    -0.0000324     0.0000397     0.0000591     0.0000296    -0.0000296    -0.0000296     0.0000425     0.0000000    -0.0000296
    -0.0002778    -0.0002778    -0.0002058    -0.0002482    -0.0001762    -0.0002186    -0.0002715    -0.0001994    -0.0002843    -0.0001698    -0.0001698
    -0.0004836    -0.0004836    -0.0004115    -0.0004965    -0.0004052    -0.0004605    -0.0004734    -0.0004438    -0.0004566    -0.0005095    -0.0004566
    -0.0007540    -0.0006587    -0.0007011    -0.0006715    -0.0007372    -0.0006780    -0.0007334    -0.0006317    -0.0006549    -0.0007270    -0.0006741
    -0.0009977    -0.0009385    -0.0009746    -0.0010004    -0.0009940    -0.0010069    -0.0009773    -0.0009348    -0.0009412    -0.0009939    -0.0009449
    -0.0012134    -0.0011478    -0.0011968    -0.0011608    -0.0011866    -0.0011698    -0.0011635    -0.0011043    -0.0011763    -0.0011145    -0.0012225

          **********  lower rudder hinge moment coeffient  **********

==========  CHLR - DR,ALPHA   ==========
     0.0015345     0.0014920     0.0015345     0.0014753     0.0015010     0.0015139     0.0015010     0.0015216     0.0014663     0.0014457     0.0014676
     0.0011496     0.0011792     0.0012088     0.0012513     0.0012641     0.0011496     0.0012809     0.0012590     0.0012333     0.0011870     0.0012217
     0.0008032     0.0007904     0.0007775     0.0008496     0.0008200     0.0008728     0.0008896     0.0008573     0.0009037     0.0008869     0.0008792
     0.0004299     0.0005316     0.0005187     0.0004762     0.0004570     0.0005715     0.0005458     0.0005689     0.0005432     0.0005265     0.0005058
     0.0001635     0.0002780     0.0002356     0.0002780     0.0002059     0.0001635     0.0002652     0.0002819     0.0002266     0.0002394     0.0001802
    -0.0000425    -0.0000425    -0.0000553     0.0000296     0.0000296    -0.0000425    -0.0000425     0.0000000     0.0000000    -0.0000425     0.0000000
    -0.0001635    -0.0002780    -0.0002356    -0.0002780    -0.0002059    -0.0001635    -0.0002652    -0.0002819    -0.0002266    -0.0002394    -0.0001802
    -0.0004299    -0.0005316    -0.0005187    -0.0004762    -0.0004570    -0.0005715    -0.0005458    -0.0005689    -0.0005432    -0.0005265    -0.0005058
    -0.0008032    -0.0007904    -0.0007775    -0.0008496    -0.0008200    -0.0008728    -0.0008896    -0.0008573    -0.0009037    -0.0008869    -0.0008792
    -0.0011496    -0.0011792    -0.0012088    -0.0012513    -0.0012641    -0.0011496    -0.0012809    -0.0012590    -0.0012333    -0.0011870    -0.0012217
    -0.0015345    -0.0014920    -0.0015345    -0.0014753    -0.0015010    -0.0015139    -0.0015010    -0.0015216    -0.0014663    -0.0014457    -0.0014676

