==========           螺旋桨数据库          ==========
==========  VERSION:V1    DATE:2025-01-06  ==========                                               

==========          螺旋桨正向旋转         ==========
==========        lambda - Ct - eta        ==========
  0.1232  0.1293  0.1361  0.1437  0.1521  0.1616  0.1724  0.1847  0.1989  0.2155  0.2351  0.2586  0.2874  0.3043  0.3233  0.3448  0.3695  0.3979  0.4310  0.4564  0.4849  0.5172  0.5747  0.6085  0.6466  0.6897  0.7389  0.7958  0.8621  0.9404  1.0345
  0.0856  0.0874  0.0878  0.0902  0.0939  0.0948  0.0945  0.0940  0.0931  0.0917  0.0901  0.0878  0.0872  0.0861  0.0842  0.0820  0.0796  0.0767  0.0745  0.0727  0.0696  0.0664  0.0614  0.0574  0.0524  0.0480  0.0422  0.0355  0.0276  0.0181  0.0065
  0.1991  0.2209  0.2392  0.2628  0.2925  0.3170  0.3371  0.3590  0.3820  0.4066  0.4337  0.4631  0.4996  0.5238  0.5461  0.5693  0.5936  0.6192  0.6472  0.6688  0.6898  0.7078  0.7450  0.7615  0.7744  0.7904  0.8005  0.8042  0.7934  0.7436  0.5189

==========          螺旋桨反向旋转         ==========
==========        lambda - Ct - eta        ==========
  0.0000 -0.1724 -0.2586 -0.4138 -0.6207 -0.8276 -1.0345 -1.5517
 -0.0373 -0.0421 -0.0470 -0.0686 -0.0894 -0.1095 -0.1392 -0.2002
  0.0000 -0.1322 -0.1956 -0.3260 -0.5016 -0.6930 -0.9089 -1.4340
