==========           ÂÝÐý½°Êý¾Ý¿â          ==========
==========  VERSION:V1    DATE:2025-01-16  ==========                                               

ÂÝÐý½°Ö±¾¶ : S = 1.016 m

==========          ÂÝÐý½°ÕýÏòÐý×ª         ==========
==========        lambda - Ct - eta        ==========
  0.1407  0.1476  0.1554  0.1641  0.1737  0.1845  0.1968  0.2109  0.2271  0.2460  0.2684  0.2953  0.3281  0.3474  0.3691  0.3937  0.4219  0.4543  0.4921  0.5211  0.5536  0.5905  0.6562  0.6947  0.7382  0.7875  0.8436  0.9086  0.9843  1.0737  1.1811
  0.1455  0.1485  0.1492  0.1533  0.1596  0.1611  0.1606  0.1597  0.1582  0.1558  0.1531  0.1492  0.1482  0.1463  0.1431  0.1393  0.1353  0.1303  0.1266  0.1235  0.1183  0.1128  0.1043  0.0975  0.0890  0.0816  0.0717  0.0603  0.0469  0.0308  0.0110
  0.1991  0.2209  0.2392  0.2628  0.2925  0.3170  0.3371  0.3590  0.3820  0.4066  0.4337  0.4631  0.4996  0.5238  0.5461  0.5693  0.5936  0.6192  0.6472  0.6688  0.6898  0.7078  0.7450  0.7615  0.7744  0.7904  0.8005  0.8042  0.7934  0.7436  0.5189

==========          ÂÝÐý½°·´ÏòÐý×ª         ==========
==========        lambda - Ct - eta        ==========
  0.0000 -0.1968 -0.2953 -0.4724 -0.7087 -0.9449 -1.1811 -1.7716
 -0.0634 -0.0715 -0.0799 -0.1166 -0.1519 -0.1861 -0.2365 -0.3402
  0.0000 -0.1322 -0.1956 -0.3260 -0.5016 -0.6930 -0.9089 -1.4340
